

9.153491,8.513951,9.430361,18.092531,21.608501,13.704771,28.854841,8.391171,14.708561,29.611551,0.7165313,5.4467916,0.99719167,
22.24971,90.21101,77.93391,54.66851,90.49831,55.09531,36.69411,39.27361,73.88511,94.52281,90.32271,72.51681,88.42421,41.66251,95.25041,91.48471,32.42481,94.63561,97.12351,87.48251,26.78281,80.01501,88.38731,85.70461,15.51041,48.79341,92.71491,46.95881,64.34871,17.230112,11.438412,26.709312,28.331512,14.897913,28.525013,45.849113,34.610413,9.367913,11.323214,20.320814,12.225914,70.030815,10.459715,86.364815,91.498215,26.189215,73.480415,68.538315,51.160915,48.578815,90.667015,53.082115,65.436516,49.168716,37.664116,30.171616,21.393316,5.283016,25.397217,16.415817,7.233417,25.722717,8.042717,37.634617,24.179518,22.336918,41.752018,43.808918,14.888019,
78.7561,92.3281,39.1591,59.4191,8.189106,3.6781073,36.69411,73.88511,17.230112,45.849113,53.082115,37.664116,42.15812,40.89312,38.16412,38.55812,37.604122,50.130123,52.369125,10.507125,22.502125,30.851126,99.688126,88.13713,27.10613,97.40113,23.457134,82.683136,46.459137,26.418137,48.55514,83.68714,48.81914,95.39314,48.192142,78.668144,3.5741448,27.356148,20.412148,81.82715,42.02615,27.70415,0.24115258,5.2681565,86.76216,44.652164,41.304165,58.029167,8.391171,8.608174,92.557175,55.945175,53.96118,59.24918,33.19418,80.52418,10.49918,99.55418,59.42018,8.7061825,23.231184,15.405184,66.983185,41.629185,37.488186,77.40919,69.73619,99.89319,47.78719,19.19719,0.99719167,90.744194,24.488194,66.130196,28.893196,34.248196,10.208196,65.282196,57.703197,
58.791,11.291009,90.21101,29.081028,19.561058,69.83107,30.851126,97.40113,0.24115258,8.391171,53.96118,23.231184,35.741234,10.671246,68.99127,98.20127,21.401287,29.811298,67.01133,38.011337,34.471375,54.841377,21.971386,40.431396,37.5014,16.081406,76.031425,96.87143,4.741436,65.831436,91.82144,27.551455,28.171467,67.03147,67.701485,51.221485,71.10149,65.56149,40.701496,69.3015,28.331512,90.24152,65.221535,60.92154,29.611551,61.771553,24.581564,98.971565,80.89159,49.581604,30.171616,49.901646,51.231647,40.48167,66.5517,19.571722,58.831734,74.511734,79.22174,53.37174,14.681757,0.891763,20.351774,58.0818,71.061844,63.58187,20.851887,54.84189,48.821896,50.061905,99.421906,23.821926,48.601948,42.421978,87.721985,
54.21024,21.11026,15.51041,34.610413,10.210586,74.110825,99.81092,32.51094,90.21101,29.811298,67.01133,38.011337,29.611551,74.511734,0.41205287,33.612095,20.412148,42.31222,57.512264,40.01227,71.41246,64.71278,78.512886,66.21297,83.51297,93.61328,68.41339,34.013527,8.513951,72.51432,52.11444,56.81446,99.21466,92.71491,58.31499,75.715,80.01501,43.015026,84.915344,13.115538,55.11568,57.515736,96.81578,16.415817,85.91582,6.616354,80.816376,96.11652,0.7165313,77.716705,72.51681,10.516858,31.617224,41.617268,2.4175644,52.817577,12.617665,11.817789,20.617825,57.317863,26.418137,51.91825,81.3183,84.51832,57.51834,29.71853,91.71856,37.118572,59.4191,48.81914,22.819256,64.31933,78.01934,74.719376,84.619385,86.41949,26.519495,82.61987,
71.10149,0.1029253,92.10335,94.10335,32.103622,46.10463,41.10539,62.10543,27.10613,88.10669,4.107279,16.107767,70.10879,1.1094034,86.109695,21.11026,74.110825,52.11444,13.115538,55.11568,96.11652,37.118572,96.12082,97.12351,68.1255,36.127968,20.128077,50.130123,66.130196,17.135883,16.137093,88.13713,76.13787,34.13995,66.14455,77.147606,37.147736,19.147867,32.148857,46.150536,27.153254,9.153491,90.15484,42.15812,36.158203,26.158857,39.1591,51.160915,32.162903,5.16392,38.16412,6.1669407,49.168716,11.169577,79.17083,28.171467,30.171616,87.17228,77.172485,52.175034,32.178623,24.179518,83.1802,10.182297,37.18444,61.18838,80.18849,8.189106,26.189215,67.189644,6.1908245,48.192142,33.19418,48.194496,50.19565,79.196655,50.197052,19.19719,77.19826,
21.035845,71.061844,21.097242,71.10149,41.10539,1.1094034,21.11026,51.160915,11.169577,61.18838,21.206242,51.221485,51.231647,61.238544,91.24059,81.243996,31.256407,81.25844,11.260605,11.273694,11.291009,41.304165,81.3183,71.32292,11.323214,81.338455,81.36708,21.393316,21.401287,91.40229,71.41246,21.424532,11.438412,91.4385,91.48471,91.498215,51.522327,31.598848,21.608501,31.617224,41.617268,41.629185,1.6539335,41.66251,1.6736448,11.682445,51.683975,91.71856,41.752018,61.771553,51.80322,11.808825,11.817789,91.82144,81.82715,31.877333,11.877399,31.878466,21.892262,1.9034266,51.91825,71.92284,11.944496,21.971386,
10.182297,10.203373,10.208196,10.210586,10.243994,10.459715,10.47464,10.49918,10.507125,10.516858,10.671246,10.708904,11.169577,11.260605,11.273694,11.291009,11.323214,11.438412,11.682445,11.808825,11.817789,11.877399,11.944496,12.225914,12.363392,12.433302,12.573469,12.582946,12.617665,12.750048,12.837362,12.968737,13.115538,13.568276,13.606435,13.704771,13.880783,13.944447,14.020384,14.085585,14.477992,14.662355,14.662939,14.681757,14.708561,14.888019,14.897913,14.907927,15.333986,15.405184,15.51041,15.789538,15.860623,15.942806,16.081406,16.107767,16.137093,16.415817,16.63342,16.675346,16.829372,17.0727,17.135883,17.230112,17.678482,17.726582,17.804073,18.092531,18.273336,18.354624,18.444883,18.620556,18.689602,19.147867,19.19719,19.23055,19.448578,19.523727,19.543898,19.561058,19.571722,19.737864,19.7735,19.848806,19.959242,19.985342,
