
0.8532882,3.6589742,6.6524982,
17.230112,21.097242,44.935482,19.571722,4.602492,11.438412,17.678482,26.709312,37.118572,48.192142,60.970222,37.604122,18.689602,19.985342,29.732592,14.477992,35.747562,58.749622,21.206242,60.350822,12.433302,21.424532,28.331512,52.262222,50.197052,12.837362,19.959242,12.363392,33.366722,21.892262,17.726582,16.829372,32.103622,8.7061825,0.24115258,0.41205287,
75.07032,75.08972,60.05482,99.24402,87.08202,79.06852,94.48642,77.22662,42.15812,51.80322,60.27882,85.91582,49.72562,40.89312,52.06722,53.96592,90.24152,71.32292,32.73402,80.42552,99.81092,38.16412,5.16392,96.11652,76.32042,46.66202,38.55812,44.33502,16.63342,84.51832,72.51432,96.12082,90.56452,42.31222,94.05282,19.571722,60.970222,37.604122,58.749622,60.350822,52.262222,33.366722,32.103622,15.860623,50.130123,22.735823,32.178623,52.608223,46.744823,18.354624,76.584724,66.674324,31.617224,76.743324,90.692924,30.478924,43.563324,6.1908245,52.074825,11.808825,76.031425,50.298725,94.885925,52.369125,10.507125,22.502125,74.110825,20.617825,0.1029253,43.015026,44.099426,30.851126,66.802826,23.821926,26.355726,59.863026,99.688126,7.3939266,1.9034266,32.728027,51.522327,34.013527,33.368927,14.907927,19.523727,56.878227,53.522728,29.081028,53.306328,7.4385285,4.302329,
44.5252,68.4802,83.1802,48.859203,36.158203,88.42421,11.323214,91.498215,26.189215,25.397217,51.80322,52.06722,42.31222,60.970222,52.262222,52.608223,31.617224,56.878227,78.67523,90.96523,35.741234,30.576235,53.043236,2.9272377,37.83424,93.57324,54.21024,21.097242,21.206242,19.959242,25.679243,10.671246,80.75025,51.91825,27.153254,7.078254,49.284256,22.819256,33.00026,54.79226,36.96626,77.19826,21.11026,21.892262,57.512264,59.802265,55.238266,41.617268,30.456268,40.01227,68.99127,98.20127,13.568276,8.802277,4.107279,93.61328,90.95728,34.07828,88.65528,69.94028,87.17228,92.35828,65.24528,34.782284,5.990285,58.667286,21.401287,0.8532882,91.40229,35.72629,90.52929,75.83329,79.95429,72.38029,10.182297,29.811298,
98.732,41.752018,87.08202,46.66202,42.43203,0.41205287,20.902067,33.612095,53.082115,22.502125,48.192142,20.412148,86.76216,44.652164,65.282196,42.31222,52.262222,54.79226,21.892262,57.512264,59.802265,40.01227,8.802277,87.17228,34.782284,91.40229,10.182297,51.522327,4.302329,27.04233,70.74233,14.662355,95.392395,0.5924046,22.082407,32.83243,11.682445,69.79245,33.562458,71.41246,35.06248,56.96248,77.172485,4.602492,6.6524982,9.962505,45.432507,41.66251,87.48251,25.56253,18.092531,83.95254,94.40254,62.79254,30.89254,35.582565,29.732592,73.872604,20.852644,46.802658,44.63268,83.682686,82.40269,40.792698,26.2927,99.2427,17.0727,90.32271,25.722717,8.042717,53.522728,73.63273,46.742737,33.29276,44.632763,64.71278,15.942806,94.52281,26.78281,94.05282,66.802826,60.97284,71.92284,83.07287,99.22288,78.512886,5.9328976,32.162903,71.32292,90.692924,0.1029253,14.662939,78.93294,12.582946,43.762947,66.21297,83.51297,47.042976,8.432984,69.582985,
59.42018,14.020384,6.720388,76.32042,40.520435,18.620556,20.320814,96.12082,91.82144,51.221485,65.221535,60.92154,79.22174,48.821896,99.421906,23.821926,42.421978,87.721985,51.522327,90.32271,25.722717,53.522728,94.52281,71.92284,99.22288,71.32292,11.323214,46.623463,97.12351,79.32367,50.823708,19.523727,80.52418,88.42421,21.424532,32.42481,28.525013,44.5252,69.32533,68.1255,80.42552,49.72562,99.32579,50.025894,12.225914,94.72599,67.52608,42.02615,35.72629,17.726582,33.626587,77.22662,84.826866,68.726906,81.82715,2.9272377,32.627506,32.62784,36.127968,32.728027,20.128077,92.3281,58.029167,41.629185,90.52929,16.829372,87.52944,62.32958,99.92977,68.5298,58.829933,
90.20063,98.20127,10.203373,69.20605,21.206242,10.208196,54.21024,10.210586,90.21101,66.21297,99.21466,51.221485,65.221535,79.22174,99.22288,12.225914,77.22662,17.230112,19.23055,23.231184,51.231647,7.233417,89.23586,55.238266,61.238544,91.24059,0.24115258,90.24152,99.2427,10.243994,81.243996,99.24402,65.24528,89.24557,59.247463,34.248196,57.248474,59.24918,22.24971,95.25041,23.255508,31.256407,59.257977,81.25844,98.2589,11.260605,52.262222,87.263336,76.26579,76.26663,5.2681565,22.270893,18.273336,39.27361,11.273694,60.27882,58.28066,89.28077,65.282196,5.283016,84.28395,49.284256,37.286854,49.28735,98.287544,11.291009,26.2927,33.29276,88.29434,50.298725,96.29967,
42.02615,82.05758,52.06722,52.074825,92.07484,22.082407,92.10335,32.103622,62.10543,52.11444,32.148857,42.15812,32.162903,52.175034,32.178623,12.225914,22.24971,52.262222,22.270893,42.31222,92.3281,62.32958,92.33559,22.336918,92.35828,12.363392,92.368645,52.369125,72.38029,82.40269,2.4175644,42.421978,32.42481,42.43203,12.433302,32.44707,72.46459,72.465034,42.47886,22.502125,42.503536,32.51094,72.51432,72.51681,42.555664,92.557175,22.570086,12.573469,12.582946,52.608223,12.617665,82.61987,32.627506,32.62784,72.63494,82.64984,52.66467,82.683136,22.694874,82.69684,92.71491,32.728027,32.73402,22.735823,12.750048,2.7605593,52.780663,62.79254,2.7990043,52.817577,22.819256,32.83243,12.837362,42.856037,62.909637,2.9272377,12.968737,72.97703,
20.128077,20.320814,20.351774,20.412148,20.617825,20.851887,20.852644,20.8785,20.902067,21.035845,21.097242,21.11026,21.206242,21.393316,21.401287,21.424532,21.608501,21.892262,21.971386,22.082407,22.24971,22.270893,22.336918,22.502125,22.570086,22.694874,22.735823,22.819256,23.060047,23.231184,23.255508,23.457134,23.564976,23.634535,23.821926,24.057096,24.083853,24.179518,24.349833,24.488194,24.581564,25.073034,25.397217,25.56253,25.679243,25.722717,25.96078,26.158857,26.189215,26.2927,26.355726,26.360554,26.418137,26.519495,26.705467,26.709312,26.78281,27.04233,27.10613,27.153254,27.356148,27.489489,27.551455,27.70415,27.95937,28.171467,28.331512,28.525013,28.796053,28.854841,28.893196,29.081028,29.08466,29.611551,29.71853,29.732592,29.811298,
