
2.7990043,2.7605593,3.6781073,0.1029253,0.8057833,0.7165313,
32.162903,22.270893,25.679243,48.859203,34.305073,17.804073,61.771553,24.083853,18.444883,15.860623,36.158203,50.130123,13.880783,10.203373,58.674343,38.640903,17.135883,14.897913,34.907383,58.829933,28.525013,24.349833,45.849113,34.610413,59.247463,37.990993,57.317863,40.665363,9.367913,31.877333,22.735823,4.633653,0.891763,28.796053,16.137093,32.178623,50.406963,46.623463,52.608223,52.780663,44.632763,46.744823,43.379803,0.8057833,1.1094034,1.6539335,
95.50903,88.13713,94.78443,69.32533,79.17083,76.26663,72.97703,90.20063,90.70753,29.71853,83.34863,27.10613,27.04233,70.74233,63.34703,97.56853,78.67523,64.31933,73.63273,96.87143,44.73533,80.76683,46.79953,62.10543,42.43203,46.10463,90.96523,97.40113,64.56703,32.83243,67.01133,94.70753,25.56253,64.08393,18.092531,0.7165313,21.424532,58.829933,24.349833,31.877333,1.6539335,25.073034,77.467834,58.831734,23.457134,57.793934,74.511734,35.741234,72.465034,52.175034,5.3984346,65.221535,40.520435,30.576235,33.503635,13.606435,23.634535,42.503536,37.147736,46.150536,82.683136,53.043236,63.778336,34.075336,93.744736,18.273336,49.707836,87.263336,57.515736,4.741436,65.831436,38.011337,12.968737,42.856037,46.459137,30.545437,26.418137,62.909637,46.742737,2.9272377,15.789538,38.889538,13.115538,14.662939,
68.5853,81.3183,12.433302,90.49831,55.09531,88.38731,26.709312,68.538315,21.393316,75.07032,84.51832,72.51432,66.674324,76.743324,43.563324,51.522327,53.306328,4.302329,69.32533,27.04233,70.74233,64.31933,44.73533,67.01133,31.877333,63.778336,34.075336,18.273336,87.263336,38.011337,78.01934,88.29434,75.09034,57.51834,19.985342,58.674343,84.915344,16.675346,92.10335,94.10335,49.28735,8.47035,57.99835,48.83035,6.616354,14.662355,79.39736,9.430361,12.837362,40.665363,8.837366,76.78637,97.53937,27.95937,16.829372,10.203373,34.471375,80.816376,74.719376,75.649376,54.841377,61.18838,95.63038,34.907383,14.020384,40.377384,45.578384,84.619385,89.075386,21.971386,6.720388,68.41339,55.33339,41.10539,7.0733905,12.363392,95.392395,40.431396,11.877399,
78.533005,5.283016,59.863026,25.073034,40.89312,82.683136,95.39314,66.983185,99.89319,28.893196,57.703197,11.323214,51.80322,53.043236,93.57324,27.153254,93.61328,0.8532882,75.83329,12.433302,21.393316,76.743324,43.563324,18.273336,87.263336,92.10335,94.10335,10.203373,68.41339,55.33339,7.0733905,12.363392,48.79341,7.233417,16.63342,1.9034266,46.623463,12.573469,9.153491,19.7735,49.993507,97.12351,34.013527,42.503536,55.663578,97.98358,64.5636,39.27361,32.103622,33.503635,1.6736448,60.593647,4.633653,99.303665,8.773666,79.32367,11.273694,50.823708,19.523727,36.36384,24.083853,19.543898,77.93391,5.16392,7.3939266,64.08393,1.6539335,57.793934,84.28395,8.513951,94.74396,50.55397,51.683975,15.333986,10.243994,81.243996,
17.230112,50.130123,66.130196,48.83035,9.430361,95.63038,19.23055,70.030815,55.9309,69.83107,23.231184,40.431396,76.031425,65.831436,67.03147,28.331512,51.231647,58.831734,98.732,42.43203,32.83243,45.432507,29.732592,44.63268,73.63273,44.632763,5.9328976,78.93294,8.432984,78.533005,75.83329,12.433302,55.33339,7.233417,16.63342,4.633653,77.93391,15.333986,73.034004,32.73402,37.83424,23.634535,37.634617,75.834656,66.63488,72.63494,44.33502,40.835045,44.73533,44.935482,92.33559,94.63561,44.935654,85.43567,22.735823,21.035845,89.23586,17.135883,69.73619,60.03649,65.436516,49.036854,22.336918,85.03697,69.83705,37.637066,16.137093,88.13713,12.837362,8.837366,5.037695,19.737864,76.13787,55.238266,68.538315,11.438412,45.338448,81.338455,91.4385,7.4385285,61.238544,97.53937,87.03948,34.13995,
66.30065,65.300804,69.3015,4.302329,99.303665,41.304165,34.305073,53.306328,95.30878,54.309666,42.31222,58.31499,57.317863,81.3183,64.31933,76.32042,20.320814,90.32271,71.32292,11.323214,79.32367,69.32533,99.32579,92.3281,62.32958,28.331512,55.33339,15.333986,44.33502,92.33559,22.336918,45.338448,81.338455,60.346,6.34647,98.34668,63.34703,83.34863,64.34871,24.349833,60.350822,20.351774,18.354624,58.35544,26.355726,27.356148,92.35828,58.358467,26.360554,36.36089,87.36099,12.363392,36.36384,86.364815,74.36574,33.366722,81.36708,9.367913,92.368645,33.368927,52.369125,88.36998,53.37174,45.374596,40.377384,68.37909,43.379803,72.38029,88.38731,8.391171,95.392395,95.39314,21.393316,7.3939266,45.394684,25.397217,79.39736,5.3984346,38.39978,
33.00026,43.015026,73.034004,53.043236,23.060047,83.07287,53.082115,53.086895,13.115538,83.1802,33.19418,23.231184,23.255508,33.29276,53.306328,63.34703,83.34863,33.366722,33.368927,53.37174,43.379803,3.4468055,23.457134,3.4669757,73.480415,33.503635,83.51297,53.522728,33.562458,43.563324,23.564976,13.568276,93.57324,3.5741448,63.58187,13.606435,33.612095,93.61328,33.626587,73.63273,23.634535,3.6589742,3.6781073,83.682686,83.68714,13.704771,93.744736,63.750805,43.762947,63.778336,63.780807,43.808918,23.821926,73.872604,13.880783,73.88511,13.944447,83.95254,53.96118,53.96592,3.9866686,
30.171616,30.456268,30.478924,30.545437,30.576235,30.851126,30.89254,31.256407,31.598848,31.617224,31.877333,31.878466,32.103622,32.148857,32.162903,32.178623,32.42481,32.44707,32.51094,32.627506,32.62784,32.728027,32.73402,32.83243,33.00026,33.19418,33.29276,33.366722,33.368927,33.503635,33.562458,33.612095,33.626587,34.013527,34.057854,34.075336,34.07828,34.13995,34.248196,34.305073,34.466785,34.471375,34.610413,34.782284,34.907383,35.06248,35.5056,35.582565,35.72629,35.741234,35.747562,36.127968,36.158203,36.36089,36.36384,36.5547,36.56786,36.69411,36.90644,36.96626,37.118572,37.147736,37.18444,37.286854,37.488186,37.49006,37.5014,37.604122,37.634617,37.637066,37.664116,37.67806,37.79709,37.83424,37.990993,38.011337,38.16412,38.39978,38.55812,38.640903,38.678585,38.788666,38.889538,39.1591,39.27361,39.56048,39.850998,
