
2.4175644,1.1094034,
25.073034,77.467834,49.581604,44.652164,49.036854,14.020384,40.377384,18.354624,11.323214,76.584724,58.831734,73.034004,22.694874,23.457134,97.966774,8.608174,66.674324,31.617224,70.750084,60.886444,50.025894,67.189644,11.273694,76.743324,98.287544,34.782284,37.286854,45.394684,57.793934,90.744194,44.935654,57.248474,20.852644,61.238544,8.432984,20.351774,78.668144,24.488194,19.737864,27.153254,73.872604,74.511734,23.231184,35.741234,84.915344,26.360554,15.405184,6.616354,72.465034,52.175034,7.078254,20.320814,12.225914,24.581564,90.692924,42.555664,10.243994,65.300804,30.478924,56.087654,10.708904,34.057854,57.512264,43.563324,57.645954,45.578384,71.061844,75.459564,3.6589742,2.7990043,2.4175644,6.1908245,0.5924046,5.3984346,1.6736448,3.5741448,
83.95254,52.11444,90.15484,72.63494,94.40254,82.69684,60.97284,91.82144,48.55514,37.18444,10.47464,78.01934,88.29434,62.79254,82.64984,83.68714,75.09034,94.48004,57.51834,30.89254,32.62784,37.83424,32.51094,78.93294,69.88674,81.25844,60.92154,87.52944,74.36574,93.57324,54.21024,77.66704,71.92284,36.90644,79.22174,74.90994,48.81914,95.39314,92.07484,58.35544,53.37174,36.36384,6.1669407,28.854841,21.097242,48.192142,19.985342,21.206242,19.959242,25.679243,58.674343,60.886444,67.189644,98.287544,20.852644,61.238544,78.668144,84.915344,71.061844,1.6736448,3.5741448,11.682445,92.368645,21.035845,99.959045,40.835045,58.605946,16.675346,12.582946,10.671246,49.901646,99.798546,51.231647,13.944447,23.060047,60.593647,43.762947,7.4655476,12.750048,27.356148,31.598848,20.412148,48.601948,45.338448,
45.8764,37.5014,1.1094034,0.5924046,16.081406,22.082407,31.256407,95.25041,15.51041,48.79341,11.438412,34.610413,73.480415,7.233417,94.48642,76.32042,16.63342,76.031425,44.099426,1.9034266,94.78443,96.87143,62.10543,32.83243,5.3984346,40.520435,13.606435,4.741436,65.831436,30.545437,52.11444,91.82144,37.18444,81.25844,87.52944,36.90644,58.35544,60.886444,11.682445,13.944447,45.338448,69.79245,27.551455,81.338455,33.562458,56.81446,71.41246,59.247463,46.623463,31.878466,28.171467,26.705467,58.358467,12.573469,6.34647,67.03147,57.248474,35.06248,56.96248,39.56048,87.03948,44.935482,17.678482,67.701485,77.172485,51.221485,55.880486,27.489489,80.18849,71.10149,86.41949,65.56149,60.03649,9.153491,4.602492,26.519495,11.944496,48.194496,40.701496,6.6524982,
73.034004,99.24402,32.73402,17.804073,36.69411,37.664116,38.16412,37.604122,3.5741448,27.70415,41.304165,33.19418,80.52418,99.55418,90.744194,88.42421,37.83424,49.284256,79.95429,72.51432,66.674324,88.29434,58.674343,94.78443,52.11444,37.18444,13.944447,56.81446,11.944496,48.194496,90.56452,21.424532,23.634535,66.14455,72.46459,45.374596,57.674606,85.70461,37.634617,18.354624,46.10463,10.47464,74.654655,75.834656,29.08466,99.21466,52.66467,45.394684,36.5547,91.48471,76.584724,93.744736,85.884766,13.704771,32.42481,86.364815,60.05482,46.744823,52.074825,90.15484,92.07484,28.854841,22.694874,66.63488,18.444883,92.71491,72.63494,70.07497,23.564976,58.31499,66.064995,
69.94028,91.24059,38.640903,0.24115258,35.741234,54.841377,4.741436,90.24152,54.84189,27.04233,70.74233,99.2427,8.042717,46.742737,15.942806,47.042976,53.043236,76.743324,19.543898,94.74396,10.243994,81.243996,99.24402,90.744194,13.944447,11.944496,66.14455,93.744736,46.744823,18.444883,55.945175,65.24528,30.545437,89.24557,57.645954,60.346,6.34647,98.34668,5.4467916,3.4468055,63.34703,32.44707,59.247463,35.747562,77.147606,37.147736,19.147867,88.74809,34.248196,57.248474,19.448578,59.548588,83.34863,64.34871,19.848806,32.148857,66.948875,46.749,45.849113,59.24918,75.649376,58.749622,22.24971,74.94976,66.64979,24.349833,82.64984,
97.40113,21.401287,91.40229,94.40254,82.40269,15.405184,50.406963,77.40919,0.41205287,20.412148,71.41246,68.41339,16.415817,2.4175644,26.418137,59.4191,86.41949,59.42018,99.421906,42.421978,88.42421,21.424532,32.42481,80.42552,9.430361,40.431396,42.43203,45.432507,8.432984,12.433302,85.43567,65.436516,11.438412,91.4385,7.4385285,18.444883,5.4467916,3.4468055,32.44707,19.448578,30.456268,23.457134,46.459137,75.459564,10.459715,72.46459,72.465034,7.4655476,34.466785,3.4669757,77.467834,85.46906,8.47035,34.471375,10.47464,14.477992,42.47886,30.478924,94.48004,68.4802,73.480415,40.48167,87.48251,91.48471,94.48642,37.488186,24.488194,27.489489,37.49006,91.498215,90.49831,10.49918,
34.013527,14.020384,94.05282,24.057096,34.057854,34.075336,34.07828,24.083853,64.08393,14.085585,44.099426,94.10335,4.107279,74.110825,34.13995,24.179518,54.21024,34.248196,84.28395,4.302329,34.305073,54.309666,64.31933,44.33502,64.34871,24.349833,74.36574,94.40254,34.466785,34.471375,14.477992,94.48004,94.48642,24.488194,64.507866,74.511734,84.51832,94.52281,44.5252,64.5636,64.56703,24.581564,4.602492,34.610413,84.619385,44.63268,44.632763,4.633653,94.63561,44.652164,74.654655,14.662355,14.662939,54.66851,14.681757,94.70753,14.708561,64.71278,74.719376,94.72599,44.73533,4.741436,94.74396,34.782284,94.78443,54.79226,64.79556,84.826866,54.841377,54.84189,94.885925,14.888019,14.897913,34.907383,14.907927,84.90858,74.90994,84.915344,44.935482,44.935654,74.94976,
40.01227,40.377384,40.431396,40.48167,40.520435,40.665363,40.701496,40.792698,40.835045,40.89312,41.10539,41.304165,41.617268,41.629185,41.66251,41.752018,42.02615,42.15812,42.31222,42.421978,42.43203,42.47886,42.503536,42.555664,42.856037,43.015026,43.379803,43.563324,43.762947,43.808918,44.099426,44.33502,44.5252,44.63268,44.632763,44.652164,44.73533,44.935482,44.935654,45.338448,45.374596,45.394684,45.432507,45.578384,45.849113,45.8764,46.10463,46.150536,46.459137,46.623463,46.66202,46.742737,46.744823,46.749,46.79953,46.802658,46.95881,47.042976,47.78719,48.192142,48.194496,48.55514,48.578815,48.601948,48.79341,48.81914,48.821896,48.83035,48.859203,49.036854,49.168716,49.284256,49.28735,49.581604,49.707836,49.72562,49.901646,49.987705,49.993507,
