
7.0733905,8.7061825,3.4468055,5.2681565,7.9995575,6.1908245,7.4385285,1.6539335,0.24115258,
51.683975,52.074825,5.990285,11.808825,26.519495,9.962505,78.533005,70.030815,38.678585,10.459715,86.364815,66.983185,50.061905,91.498215,27.551455,41.629185,79.196655,65.221535,34.466785,77.716705,63.750805,11.682445,69.582985,26.189215,40.520435,81.338455,73.480415,84.619385,92.368645,30.576235,33.503635,35.582565,53.086895,98.971565,41.304165,92.557175,74.654655,12.617665,21.035845,68.538315,76.031425,13.606435,51.160915,48.578815,66.948875,14.085585,59.802265,66.064995,87.721985,49.987705,11.260605,67.701485,77.172485,99.959045,23.634535,40.835045,50.298725,94.885925,55.945175,14.662355,34.471375,52.369125,5.037695,90.667015,86.109695,33.612095,99.303665,10.507125,51.221485,22.502125,53.082115,74.110825,20.617825,95.392395,0.1029253,3.4468055,3.4669757,
34.13995,92.10335,81.82715,96.08005,50.19565,80.75025,66.30065,69.20605,94.10335,69.79245,49.28735,19.23055,69.83705,66.14455,84.28395,60.75855,42.02615,8.47035,51.91825,27.70415,57.99835,48.83035,8.513951,29.611551,50.197052,0.24115258,0.41205287,61.771553,24.083853,4.633653,28.796053,49.036854,37.286854,44.935654,27.153254,26.360554,6.616354,7.078254,56.087654,34.057854,57.645954,27.551455,79.196655,81.338455,74.654655,14.662355,49.284256,18.620556,75.834656,22.819256,5.2681565,32.148857,26.158857,14.681757,7.9995575,10.516858,46.802658,33.562458,19.561058,2.7605593,
69.3015,68.1255,91.4385,20.8785,19.7735,21.608501,9.962505,32.627506,45.432507,49.993507,23.255508,54.66851,41.66251,97.12351,87.48251,28.331512,65.436516,24.179518,79.06852,90.24152,80.42552,96.11652,90.56452,34.013527,7.4385285,90.70753,29.71853,97.56853,46.79953,94.70753,25.56253,18.092531,0.7165313,21.424532,65.221535,23.634535,42.503536,46.150536,15.789538,38.889538,13.115538,83.95254,94.40254,62.79254,30.89254,60.92154,98.287544,61.238544,99.798546,7.4655476,19.23055,66.14455,60.75855,29.611551,61.771553,26.360554,18.620556,7.9995575,2.7605593,91.71856,64.79556,14.708561,35.747562,24.581564,75.459564,2.4175644,35.582565,98.971565,89.24557,37.118572,11.169577,52.817577,55.663578,19.448578,84.90858,62.32958,82.05758,97.98358,17.726582,38.678585,14.085585,10.210586,33.626587,59.548588,72.46459,91.24059,80.89159,92.33559,29.732592,45.374596,
75.715,80.01501,28.525013,44.33502,43.015026,72.465034,52.175034,40.835045,34.305073,73.88511,48.55514,55.945175,15.405184,44.5252,78.67523,90.96523,88.65528,65.24528,68.5853,55.09531,69.32533,44.73533,34.075336,19.985342,84.915344,16.675346,40.665363,89.075386,41.10539,62.10543,30.545437,58.35544,26.705467,44.935482,68.1255,23.255508,80.42552,13.115538,7.4655476,64.79556,89.24557,14.085585,92.33559,35.5056,94.63561,49.72562,50.19565,44.935654,42.555664,85.43567,55.11568,26.355726,57.515736,74.36574,96.81578,0.8057833,76.26579,99.32579,16.415817,85.91582,22.735823,21.035845,89.23586,17.135883,50.025894,12.225914,53.96592,94.885925,58.605946,57.645954,94.72599,
12.750048,70.750084,80.75025,95.25041,46.150536,63.750805,60.350822,39.850998,30.851126,27.551455,66.5517,20.351774,20.851887,41.752018,44.652164,6.6524982,83.95254,20.852644,94.05282,27.153254,0.8532882,9.153491,1.6539335,50.55397,99.55418,79.95429,18.354624,74.654655,36.5547,60.05482,90.15484,28.854841,48.55514,88.65528,58.35544,23.255508,42.555664,26.355726,42.856037,78.7561,27.356148,30.456268,31.256407,24.057096,23.457134,92.557175,90.95728,82.05758,34.057854,59.257977,98.05809,42.15812,38.55812,36.158203,92.35828,81.25844,58.358467,60.75855,46.95881,26.158857,98.2589,3.6589742,99.959045,39.1591,46.459137,48.859203,19.959242,27.95937,75.459564,10.459715,
37.5014,22.502125,42.503536,33.503635,35.5056,10.507125,64.507866,95.50903,15.51041,32.51094,74.511734,57.512264,78.512886,83.51297,8.513951,72.51432,57.515736,72.51681,10.516858,84.51832,57.51834,26.519495,40.520435,51.522327,53.522728,94.52281,19.523727,80.52418,28.525013,44.5252,67.52608,90.52929,87.52944,68.5298,78.533005,68.538315,97.53937,19.543898,30.545437,59.548588,27.551455,66.5517,50.55397,99.55418,36.5547,48.55514,42.555664,92.557175,38.55812,39.56048,19.561058,65.56149,33.562458,25.56253,43.563324,64.5636,90.56452,23.564976,64.56703,36.56786,13.568276,97.56853,22.570086,19.571722,93.57324,12.573469,3.5741448,30.576235,45.578384,48.578815,24.581564,49.581604,63.58187,35.582565,12.582946,69.582985,76.584724,68.5853,0.5924046,60.593647,31.598848,
85.03697,5.037695,35.06248,75.07032,25.073034,75.08972,75.09034,55.09531,55.11568,5.16392,65.221535,55.238266,65.24528,95.25041,5.2681565,65.282196,5.283016,65.300804,95.30878,55.33339,15.333986,45.338448,45.374596,95.392395,95.39314,45.394684,25.397217,5.3984346,15.405184,45.432507,85.43567,65.436516,5.4467916,75.459564,85.46906,35.5056,95.50903,15.51041,65.56149,25.56253,45.578384,35.582565,95.63038,75.649376,55.663578,25.679243,85.70461,75.715,25.722717,35.72629,35.741234,35.747562,15.789538,65.831436,75.83329,75.834656,45.849113,15.860623,45.8764,55.880486,85.884766,75.88997,85.91582,55.9309,5.9328976,15.942806,55.945175,25.96078,5.990285,
50.025894,50.061905,50.0876,50.130123,50.19565,50.197052,50.298725,50.406963,50.55397,50.823708,51.160915,51.221485,51.231647,51.522327,51.683975,51.80322,51.91825,52.06722,52.074825,52.11444,52.175034,52.262222,52.369125,52.608223,52.66467,52.780663,52.817577,53.043236,53.082115,53.086895,53.306328,53.37174,53.522728,53.96118,53.96592,54.21024,54.309666,54.66851,54.79226,54.841377,54.84189,55.09531,55.11568,55.238266,55.33339,55.663578,55.880486,55.9309,55.945175,56.087654,56.09666,56.81446,56.878227,56.96248,57.248474,57.317863,57.512264,57.515736,57.51834,57.645954,57.674606,57.703197,57.793934,57.99835,58.029167,58.0818,58.28066,58.31499,58.35544,58.358467,58.605946,58.667286,58.674343,58.749622,58.77768,58.791,58.829933,58.831734,59.089077,59.247463,59.24918,59.257977,59.4191,59.42018,59.548588,59.802265,59.863026,
