0.41205287,0.99719167,
6.1669407,2.9272377,3.4669757,
22.082407,33.626587,63.780807,38.011337,28.171467,12.968737,25.397217,32.728027,42.856037,20.902067,51.231647,46.459137,20.851887,57.703197,19.147867,45.432507,30.545437,51.522327,16.415817,34.013527,16.107767,11.169577,13.944447,7.233417,26.418137,32.148857,58.029167,26.158857,23.060047,25.722717,62.909637,8.042717,14.681757,8.802277,31.256407,49.993507,46.742737,33.368927,59.257977,26.705467,60.593647,52.817577,21.401287,54.841377,37.634617,10.182297,20.128077,14.907927,19.523727,58.358467,43.762947,56.878227,59.089077,3.6781073,7.9995575,5.9328976,7.4655476,2.9272377,
85.43567,40.01227,63.58187,89.28077,32.44707,67.66087,6.34647,66.21297,82.61987,76.78637,75.88997,97.53937,87.96707,83.07287,89.24557,99.92977,79.32367,96.29967,27.95937,70.07497,50.55397,67.03147,40.48167,68.99127,98.20127,85.03697,83.51297,69.83107,52.66467,76.13787,13.704771,8.391171,37.118572,16.829372,34.305073,17.804073,10.203373,22.694874,97.966774,8.608174,57.248474,20.351774,3.6589742,51.683975,92.557175,66.948875,55.945175,34.471375,3.4669757,80.816376,13.568276,74.719376,75.649376,47.042976,23.564976,11.169577,8.802277,59.257977,52.817577,54.841377,20.128077,59.089077,55.663578,42.421978,19.448578,4.107279,
26.2927,99.2427,17.0727,66.5517,36.5547,77.716705,49.987705,50.823708,22.24971,90.32271,91.48471,64.34871,10.459715,49.168716,25.722717,8.042717,75.08972,19.571722,33.366722,76.584724,50.298725,26.355726,19.523727,53.522728,73.63273,58.831734,74.511734,37.147736,93.744736,57.515736,12.968737,46.742737,69.88674,74.36574,79.22174,53.37174,14.681757,33.29276,74.94976,0.891763,44.632763,85.884766,16.107767,89.28077,99.92977,13.704771,97.966774,20.351774,95.30878,25.96078,38.39978,64.71278,96.81578,13.880783,0.8057833,34.466785,11.817789,70.10879,66.64979,76.26579,99.32579,5.4467916,
90.667015,72.97703,63.34703,64.56703,77.66704,69.83705,50.197052,37.637066,32.44707,87.96707,81.36708,37.79709,16.137093,24.057096,10.507125,88.13713,23.457134,83.68714,81.82715,92.557175,47.78719,19.19719,0.99719167,25.397217,52.06722,31.617224,2.9272377,21.097242,41.617268,4.107279,90.95728,58.667286,88.38731,31.877333,49.28735,79.39736,12.837362,8.837366,34.907383,40.377384,11.877399,59.247463,32.627506,90.70753,94.70753,98.287544,35.747562,2.4175644,52.817577,82.05758,50.0876,77.147606,56.087654,12.617665,58.77768,5.037695,49.987705,37.147736,16.107767,11.817789,20.617825,77.467834,49.707836,32.62784,34.057854,36.56786,57.317863,19.737864,64.507866,19.147867,76.13787,14.897913,9.367913,14.907927,36.127968,59.257977,14.477992,
22.570086,60.970222,75.07032,8.47035,79.17083,22.270893,10.671246,34.471375,21.971386,96.87143,28.171467,61.771553,98.971565,30.171616,19.571722,53.37174,87.17228,77.172485,73.872604,17.0727,60.97284,83.07287,25.073034,93.57324,18.273336,7.0733905,12.573469,19.7735,39.27361,1.6736448,8.773666,11.273694,3.5741448,66.674324,58.674343,45.374596,57.674606,10.47464,52.074825,92.07484,70.07497,52.175034,78.67523,34.075336,16.675346,89.075386,30.576235,45.8764,72.97703,31.877333,40.377384,11.877399,58.77768,14.477992,37.67806,3.6781073,56.878227,7.078254,34.07828,63.778336,45.578384,31.878466,17.678482,20.8785,38.678585,32.178623,48.578815,60.27882,42.47886,30.478924,68.37909,25.679243,24.179518,97.07966,43.379803,
67.701485,40.701496,57.703197,27.70415,85.70461,13.704771,26.705467,8.7061825,90.70753,94.70753,49.707836,14.708561,10.708904,26.709312,64.71278,92.71491,75.715,0.7165313,77.716705,29.71853,91.71856,74.719376,6.720388,87.721985,25.722717,49.72562,94.72599,35.72629,17.726582,68.726906,32.728027,98.732,29.732592,32.73402,44.73533,22.735823,69.73619,19.737864,35.741234,4.741436,70.74233,46.742737,76.743324,94.74396,90.744194,93.744736,46.744823,35.747562,88.74809,46.749,58.749622,12.750048,70.750084,80.75025,63.750805,41.752018,78.7561,60.75855,2.7605593,86.76216,43.762947,80.76683,61.771553,19.7735,8.773666,58.77768,63.778336,52.780663,63.780807,34.782284,26.78281,94.78443,76.78637,47.78719,38.788666,15.789538,58.791,54.79226,69.79245,62.79254,40.792698,48.79341,57.793934,64.79556,28.796053,37.79709,99.798546,2.7990043,46.79953,
67.01133,67.03147,87.03948,27.04233,47.042976,17.0727,7.0733905,7.078254,97.07966,87.08202,27.10613,37.118572,97.12351,17.135883,77.147606,37.147736,27.153254,87.17228,77.172485,37.18444,67.189644,77.19826,77.22662,17.230112,7.233417,57.248474,87.263336,37.286854,57.317863,27.356148,87.36099,7.3939266,97.40113,77.40919,7.4385285,7.4655476,77.467834,87.48251,37.488186,27.489489,37.49006,37.5014,57.512264,57.515736,57.51834,67.52608,87.52944,97.53937,27.551455,97.56853,37.604122,37.634617,37.637066,57.645954,67.66087,37.664116,77.66704,57.674606,37.67806,17.678482,67.701485,57.703197,27.70415,77.716705,87.721985,17.726582,47.78719,57.793934,37.79709,17.804073,37.83424,67.88988,77.93391,27.95937,97.966774,87.96707,97.98358,37.990993,57.99835,7.9995575,
70.030815,70.07497,70.10879,70.74233,70.750084,71.061844,71.10149,71.32292,71.41246,71.92284,72.38029,72.46459,72.465034,72.51432,72.51681,72.63494,72.97703,73.034004,73.480415,73.63273,73.872604,73.88511,74.110825,74.36574,74.511734,74.654655,74.719376,74.90994,74.94976,75.07032,75.08972,75.09034,75.459564,75.649376,75.715,75.83329,75.834656,75.88997,76.031425,76.13787,76.26579,76.26663,76.32042,76.584724,76.743324,76.78637,77.147606,77.172485,77.19826,77.22662,77.40919,77.467834,77.66704,77.716705,77.93391,78.01934,78.512886,78.533005,78.668144,78.67523,78.7561,78.93294,79.06852,79.17083,79.196655,79.22174,79.32367,79.39736,79.60896,79.95429,
