

14.662939,8.890099,4.107279,12.573469,11.817789,11.877399,4.302329,11.291009,27.489489,14.888019,2.7605593,
72.46459,91.24059,70.10879,91.40229,77.40919,35.72629,98.05809,80.18849,71.10149,68.41339,88.74809,86.41949,54.84189,80.89159,90.52929,66.64979,75.83329,55.33339,69.73619,76.26579,79.95429,65.56149,37.79709,41.10539,82.40269,99.89319,47.78719,92.33559,94.72599,99.32579,88.10669,58.31499,36.36089,68.37909,87.36099,72.38029,60.03649,19.19719,7.0733905,9.153491,5.4467916,0.99719167,4.602492,29.732592,14.477992,12.363392,22.270893,37.990993,16.137093,50.025894,11.273694,90.744194,24.488194,10.243994,26.519495,53.086895,66.064995,5.037695,86.109695,33.612095,95.392395,45.374596,66.130196,81.243996,11.944496,24.057096,28.893196,40.431396,48.821896,34.248196,10.208196,48.194496,40.701496,65.282196,57.703197,10.182297,5.9328976,40.792698,29.811298,39.850998,19.543898,6.6524982,8.890099,11.877399,
55.9309,98.2589,32.162903,38.640903,10.708904,50.061905,68.726906,99.421906,77.93391,92.71491,14.897913,9.367913,12.225914,51.160915,22.336918,43.808918,53.96592,71.32292,99.81092,5.16392,90.692924,30.478924,94.885925,0.1029253,23.821926,7.3939266,33.368927,14.907927,64.08393,58.829933,1.6539335,57.793934,14.662939,72.63494,32.51094,78.93294,74.90994,6.1669407,58.605946,12.582946,43.762947,48.601948,34.13995,84.28395,8.513951,57.645954,79.60896,94.74396,50.406963,36.127968,66.21297,75.88997,70.07497,50.55397,85.03697,83.51297,3.6589742,51.683975,3.4669757,47.042976,23.564976,59.257977,42.421978,88.36998,8.432984,69.582985,87.721985,15.333986,94.72599,58.31499,87.36099,14.477992,37.990993,10.243994,66.064995,81.243996,39.850998,
46.749,2.7990043,95.50903,99.959045,85.46906,59.089077,68.37909,39.1591,59.4191,8.189106,45.849113,52.369125,46.459137,48.81914,58.029167,59.24918,10.49918,41.629185,77.40919,48.859203,26.189215,19.959242,25.679243,22.819256,90.52929,26.709312,64.31933,78.01934,97.53937,27.95937,16.829372,74.719376,75.649376,84.619385,1.1094034,44.099426,87.52944,87.03948,27.489489,86.41949,26.519495,24.179518,46.79953,15.789538,38.889538,7.9995575,75.459564,11.169577,62.32958,69.8896,18.689602,58.749622,62.909637,67.189644,97.07966,54.309666,96.29967,86.109695,22.24971,10.459715,75.08972,74.94976,99.92977,38.39978,66.64979,68.5298,43.379803,24.349833,82.64984,82.61987,67.88988,58.829933,74.90994,34.13995,75.88997,88.36998,
37.49006,8.890099,5.990285,75.09034,6.1908245,37.990993,58.791,11.291009,8.391171,68.99127,80.89159,0.891763,48.192142,54.79226,21.892262,95.392395,0.5924046,69.79245,18.092531,62.79254,30.89254,40.792698,26.2927,33.29276,90.692924,40.89312,95.39314,99.89319,28.893196,21.393316,48.79341,49.993507,60.593647,7.3939266,57.793934,36.69411,33.19418,88.29434,48.194496,45.394684,22.694874,55.09531,64.79556,50.19565,28.796053,79.196655,56.09666,82.69684,50.197052,37.79709,19.19719,0.99719167,25.397217,21.097242,79.39736,14.897913,91.498215,77.19826,90.49831,57.99835,5.3984346,99.798546,50.298725,31.598848,2.7990043,10.49918,44.099426,46.79953,7.9995575,96.29967,38.39978,
49.901646,20.902067,1.9034266,36.90644,34.907383,14.907927,84.90858,62.909637,74.90994,84.915344,85.91582,51.91825,60.92154,71.92284,2.9272377,99.92977,55.9309,5.9328976,78.93294,77.93391,44.935482,44.935654,69.94028,15.942806,13.944447,11.944496,55.945175,66.948875,74.94976,83.95254,79.95429,90.95728,46.95881,99.959045,19.959242,27.95937,25.96078,53.96118,56.96248,9.962505,90.96523,53.96592,36.96626,97.966774,87.96707,12.968737,60.970222,21.971386,98.971565,60.97284,72.97703,66.983185,97.98358,19.985342,3.9866686,49.987705,5.990285,37.990993,68.99127,49.993507,0.99719167,57.99835,7.9995575,
89.008606,49.036854,79.06852,89.075386,29.081028,29.08466,59.089077,19.147867,9.153491,39.1591,49.168716,79.17083,79.196655,19.19719,69.20605,99.21466,79.22174,99.22288,19.23055,89.23586,99.2427,99.24402,89.24557,59.247463,59.24918,59.257977,39.27361,89.28077,49.284256,49.28735,69.3015,99.303665,79.32367,69.32533,99.32579,9.367913,79.39736,59.4191,59.42018,99.421906,9.430361,19.448578,19.523727,19.543898,59.548588,99.55418,39.56048,19.561058,19.571722,49.581604,69.582985,79.60896,29.611551,99.688126,49.707836,29.71853,49.72562,29.732592,69.73619,19.737864,19.7735,69.79245,99.798546,59.802265,99.81092,29.811298,69.83107,69.83705,19.848806,39.850998,59.863026,69.88674,69.8896,99.89319,49.901646,99.92977,69.94028,79.95429,99.959045,19.959242,9.962505,19.985342,49.987705,49.993507,
90.15484,90.20063,90.21101,90.24152,90.32271,90.49831,90.52929,90.56452,90.667015,90.692924,90.70753,90.744194,90.95728,90.96523,91.24059,91.40229,91.4385,91.48471,91.498215,91.71856,91.82144,92.07484,92.10335,92.3281,92.33559,92.35828,92.368645,92.557175,92.71491,93.57324,93.61328,93.744736,94.05282,94.10335,94.40254,94.48004,94.48642,94.52281,94.63561,94.70753,94.72599,94.74396,94.78443,94.885925,95.25041,95.30878,95.392395,95.39314,95.50903,95.63038,96.08005,96.11652,96.12082,96.29967,96.81578,96.87143,97.07966,97.12351,97.40113,97.53937,97.56853,97.966774,97.98358,98.05809,98.20127,98.2589,98.287544,98.34668,98.732,98.971565,99.21466,99.22288,99.2427,99.24402,99.303665,99.32579,99.421906,99.55418,99.688126,99.798546,99.81092,99.89319,99.92977,99.959045,
